1 1 1 1 1 5 296 176
2 1 1 1 5 6 294 296
3 1 1 1 296 294 177 295
4 1 1 1 176 296 295 175
5 1 1 1 175 295 299 174
6 1 1 1 295 177 297 299
7 1 1 1 299 297 178 298
8 1 1 1 174 299 298 173
9 1 1 1 173 298 302 172
10 1 1 1 298 178 300 302
11 1 1 1 302 300 179 301
12 1 1 1 172 302 301 171
13 1 1 1 171 301 304 170
14 1 1 1 301 179 303 304
15 1 1 1 304 303 168 169
16 1 1 1 170 304 169 4
17 1 1 1 6 7 307 294
18 1 1 1 7 8 305 307
19 1 1 1 307 305 180 306
20 1 1 1 294 307 306 177
21 1 1 1 177 306 310 297
22 1 1 1 306 180 308 310
23 1 1 1 310 308 181 309
24 1 1 1 297 310 309 178
25 1 1 1 178 309 313 300
26 1 1 1 309 181 311 313
27 1 1 1 313 311 182 312
28 1 1 1 300 313 312 179
29 1 1 1 179 312 315 303
30 1 1 1 312 182 314 315
31 1 1 1 315 314 166 167
32 1 1 1 303 315 167 168
33 1 1 1 8 9 318 305
34 1 1 1 9 10 316 318
35 1 1 1 318 316 183 317
36 1 1 1 305 318 317 180
37 1 1 1 180 317 321 308
38 1 1 1 317 183 319 321
39 1 1 1 321 319 184 320
40 1 1 1 308 321 320 181
41 1 1 1 181 320 324 311
42 1 1 1 320 184 322 324
43 1 1 1 324 322 185 323
44 1 1 1 311 324 323 182
45 1 1 1 182 323 326 314
46 1 1 1 323 185 325 326
47 1 1 1 326 325 164 165
48 1 1 1 314 326 165 166
49 1 1 1 10 11 329 316
50 1 1 1 11 12 327 329
51 1 1 1 329 327 186 328
52 1 1 1 316 329 328 183
53 1 1 1 183 328 332 319
54 1 1 1 328 186 330 332
55 1 1 1 332 330 187 331
56 1 1 1 319 332 331 184
57 1 1 1 184 331 335 322
58 1 1 1 331 187 333 335
59 1 1 1 335 333 188 334
60 1 1 1 322 335 334 185
61 1 1 1 185 334 337 325
62 1 1 1 334 188 336 337
63 1 1 1 337 336 162 163
64 1 1 1 325 337 163 164
65 1 1 1 12 13 340 327
66 1 1 1 13 14 338 340
67 1 1 1 340 338 189 339
68 1 1 1 327 340 339 186
69 1 1 1 186 339 343 330
70 1 1 1 339 189 341 343
71 1 1 1 343 341 190 342
72 1 1 1 330 343 342 187
73 1 1 1 187 342 346 333
74 1 1 1 342 190 344 346
75 1 1 1 346 344 191 345
76 1 1 1 333 346 345 188
77 1 1 1 188 345 348 336
78 1 1 1 345 191 347 348
79 1 1 1 348 347 160 161
80 1 1 1 336 348 161 162
81 1 1 1 14 15 351 338
82 1 1 1 15 16 349 351
83 1 1 1 351 349 192 350
84 1 1 1 338 351 350 189
85 1 1 1 189 350 354 341
86 1 1 1 350 192 352 354
87 1 1 1 354 352 193 353
88 1 1 1 341 354 353 190
89 1 1 1 190 353 357 344
90 1 1 1 353 193 355 357
91 1 1 1 357 355 194 356
92 1 1 1 344 357 356 191
93 1 1 1 191 356 359 347
94 1 1 1 356 194 358 359
95 1 1 1 359 358 158 159
96 1 1 1 347 359 159 160
97 1 1 1 16 17 362 349
98 1 1 1 17 18 360 362
99 1 1 1 362 360 195 361
100 1 1 1 349 362 361 192
101 1 1 1 192 361 365 352
102 1 1 1 361 195 363 365
103 1 1 1 365 363 196 364
104 1 1 1 352 365 364 193
105 1 1 1 193 364 368 355
106 1 1 1 364 196 366 368
107 1 1 1 368 366 197 367
108 1 1 1 355 368 367 194
109 1 1 1 194 367 370 358
110 1 1 1 367 197 369 370
111 1 1 1 370 369 156 157
112 1 1 1 358 370 157 158
113 1 1 1 18 19 373 360
114 1 1 1 19 20 371 373
115 1 1 1 373 371 198 372
116 1 1 1 360 373 372 195
117 1 1 1 195 372 376 363
118 1 1 1 372 198 374 376
119 1 1 1 376 374 199 375
120 1 1 1 363 376 375 196
121 1 1 1 196 375 379 366
122 1 1 1 375 199 377 379
123 1 1 1 379 377 200 378
124 1 1 1 366 379 378 197
125 1 1 1 197 378 381 369
126 1 1 1 378 200 380 381
127 1 1 1 381 380 154 155
128 1 1 1 369 381 155 156
129 1 1 1 20 21 384 371
130 1 1 1 21 22 382 384
131 1 1 1 384 382 201 383
132 1 1 1 371 384 383 198
133 1 1 1 198 383 387 374
134 1 1 1 383 201 385 387
135 1 1 1 387 385 202 386
136 1 1 1 374 387 386 199
137 1 1 1 199 386 390 377
138 1 1 1 386 202 388 390
139 1 1 1 390 388 203 389
140 1 1 1 377 390 389 200
141 1 1 1 200 389 392 380
142 1 1 1 389 203 391 392
143 1 1 1 392 391 152 153
144 1 1 1 380 392 153 154
145 1 1 1 22 23 395 382
146 1 1 1 23 24 393 395
147 1 1 1 395 393 204 394
148 1 1 1 382 395 394 201
149 1 1 1 201 394 398 385
150 1 1 1 394 204 396 398
151 1 1 1 398 396 205 397
152 1 1 1 385 398 397 202
153 1 1 1 202 397 401 388
154 1 1 1 397 205 399 401
155 1 1 1 401 399 206 400
156 1 1 1 388 401 400 203
157 1 1 1 203 400 403 391
158 1 1 1 400 206 402 403
159 1 1 1 403 402 150 151
160 1 1 1 391 403 151 152
161 1 1 1 24 25 406 393
162 1 1 1 25 26 404 406
163 1 1 1 406 404 207 405
164 1 1 1 393 406 405 204
165 1 1 1 204 405 409 396
166 1 1 1 405 207 407 409
167 1 1 1 409 407 208 408
168 1 1 1 396 409 408 205
169 1 1 1 205 408 412 399
170 1 1 1 408 208 410 412
171 1 1 1 412 410 209 411
172 1 1 1 399 412 411 206
173 1 1 1 206 411 414 402
174 1 1 1 411 209 413 414
175 1 1 1 414 413 148 149
176 1 1 1 402 414 149 150
177 1 1 1 26 27 417 404
178 1 1 1 27 28 415 417
179 1 1 1 417 415 210 416
180 1 1 1 404 417 416 207
181 1 1 1 207 416 420 407
182 1 1 1 416 210 418 420
183 1 1 1 420 418 211 419
184 1 1 1 407 420 419 208
185 1 1 1 208 419 423 410
186 1 1 1 419 211 421 423
187 1 1 1 423 421 212 422
188 1 1 1 410 423 422 209
189 1 1 1 209 422 425 413
190 1 1 1 422 212 424 425
191 1 1 1 425 424 146 147
192 1 1 1 413 425 147 148
193 1 1 1 28 29 428 415
194 1 1 1 29 30 426 428
195 1 1 1 428 426 213 427
196 1 1 1 415 428 427 210
197 1 1 1 210 427 431 418
198 1 1 1 427 213 429 431
199 1 1 1 431 429 214 430
200 1 1 1 418 431 430 211
201 1 1 1 211 430 434 421
202 1 1 1 430 214 432 434
203 1 1 1 434 432 215 433
204 1 1 1 421 434 433 212
205 1 1 1 212 433 436 424
206 1 1 1 433 215 435 436
207 1 1 1 436 435 144 145
208 1 1 1 424 436 145 146
209 1 1 1 30 31 439 426
210 1 1 1 31 32 437 439
211 1 1 1 439 437 216 438
212 1 1 1 426 439 438 213
213 1 1 1 213 438 442 429
214 1 1 1 438 216 440 442
215 1 1 1 442 440 217 441
216 1 1 1 429 442 441 214
217 1 1 1 214 441 445 432
218 1 1 1 441 217 443 445
219 1 1 1 445 443 218 444
220 1 1 1 432 445 444 215
221 1 1 1 215 444 447 435
222 1 1 1 444 218 446 447
223 1 1 1 447 446 142 143
224 1 1 1 435 447 143 144
225 1 1 1 32 33 450 437
226 1 1 1 33 34 448 450
227 1 1 1 450 448 219 449
228 1 1 1 437 450 449 216
229 1 1 1 216 449 453 440
230 1 1 1 449 219 451 453
231 1 1 1 453 451 220 452
232 1 1 1 440 453 452 217
233 1 1 1 217 452 456 443
234 1 1 1 452 220 454 456
235 1 1 1 456 454 221 455
236 1 1 1 443 456 455 218
237 1 1 1 218 455 458 446
238 1 1 1 455 221 457 458
239 1 1 1 458 457 140 141
240 1 1 1 446 458 141 142
241 1 1 1 34 35 461 448
242 1 1 1 35 36 459 461
243 1 1 1 461 459 222 460
244 1 1 1 448 461 460 219
245 1 1 1 219 460 464 451
246 1 1 1 460 222 462 464
247 1 1 1 464 462 223 463
248 1 1 1 451 464 463 220
249 1 1 1 220 463 467 454
250 1 1 1 463 223 465 467
251 1 1 1 467 465 224 466
252 1 1 1 454 467 466 221
253 1 1 1 221 466 469 457
254 1 1 1 466 224 468 469
255 1 1 1 469 468 138 139
256 1 1 1 457 469 139 140
257 1 1 1 36 37 472 459
258 1 1 1 37 38 470 472
259 1 1 1 472 470 225 471
260 1 1 1 459 472 471 222
261 1 1 1 222 471 475 462
262 1 1 1 471 225 473 475
263 1 1 1 475 473 226 474
264 1 1 1 462 475 474 223
265 1 1 1 223 474 478 465
266 1 1 1 474 226 476 478
267 1 1 1 478 476 227 477
268 1 1 1 465 478 477 224
269 1 1 1 224 477 480 468
270 1 1 1 477 227 479 480
271 1 1 1 480 479 136 137
272 1 1 1 468 480 137 138
273 1 1 1 38 39 483 470
274 1 1 1 39 40 481 483
275 1 1 1 483 481 228 482
276 1 1 1 470 483 482 225
277 1 1 1 225 482 486 473
278 1 1 1 482 228 484 486
279 1 1 1 486 484 229 485
280 1 1 1 473 486 485 226
281 1 1 1 226 485 489 476
282 1 1 1 485 229 487 489
283 1 1 1 489 487 230 488
284 1 1 1 476 489 488 227
285 1 1 1 227 488 491 479
286 1 1 1 488 230 490 491
287 1 1 1 491 490 134 135
288 1 1 1 479 491 135 136
289 1 1 1 40 41 494 481
290 1 1 1 41 42 492 494
291 1 1 1 494 492 231 493
292 1 1 1 481 494 493 228
293 1 1 1 228 493 497 484
294 1 1 1 493 231 495 497
295 1 1 1 497 495 232 496
296 1 1 1 484 497 496 229
297 1 1 1 229 496 500 487
298 1 1 1 496 232 498 500
299 1 1 1 500 498 233 499
300 1 1 1 487 500 499 230
301 1 1 1 230 499 502 490
302 1 1 1 499 233 501 502
303 1 1 1 502 501 132 133
304 1 1 1 490 502 133 134
305 1 1 1 42 43 505 492
306 1 1 1 43 44 503 505
307 1 1 1 505 503 234 504
308 1 1 1 492 505 504 231
309 1 1 1 231 504 508 495
310 1 1 1 504 234 506 508
311 1 1 1 508 506 235 507
312 1 1 1 495 508 507 232
313 1 1 1 232 507 511 498
314 1 1 1 507 235 509 511
315 1 1 1 511 509 236 510
316 1 1 1 498 511 510 233
317 1 1 1 233 510 513 501
318 1 1 1 510 236 512 513
319 1 1 1 513 512 130 131
320 1 1 1 501 513 131 132
321 1 1 1 44 45 516 503
322 1 1 1 45 46 514 516
323 1 1 1 516 514 237 515
324 1 1 1 503 516 515 234
325 1 1 1 234 515 519 506
326 1 1 1 515 237 517 519
327 1 1 1 519 517 238 518
328 1 1 1 506 519 518 235
329 1 1 1 235 518 522 509
330 1 1 1 518 238 520 522
331 1 1 1 522 520 239 521
332 1 1 1 509 522 521 236
333 1 1 1 236 521 524 512
334 1 1 1 521 239 523 524
335 1 1 1 524 523 128 129
336 1 1 1 512 524 129 130
337 1 1 1 46 47 527 514
338 1 1 1 47 48 525 527
339 1 1 1 527 525 240 526
340 1 1 1 514 527 526 237
341 1 1 1 237 526 530 517
342 1 1 1 526 240 528 530
343 1 1 1 530 528 241 529
344 1 1 1 517 530 529 238
345 1 1 1 238 529 533 520
346 1 1 1 529 241 531 533
347 1 1 1 533 531 242 532
348 1 1 1 520 533 532 239
349 1 1 1 239 532 535 523
350 1 1 1 532 242 534 535
351 1 1 1 535 534 126 127
352 1 1 1 523 535 127 128
353 1 1 1 48 49 538 525
354 1 1 1 49 50 536 538
355 1 1 1 538 536 243 537
356 1 1 1 525 538 537 240
357 1 1 1 240 537 541 528
358 1 1 1 537 243 539 541
359 1 1 1 541 539 244 540
360 1 1 1 528 541 540 241
361 1 1 1 241 540 544 531
362 1 1 1 540 244 542 544
363 1 1 1 544 542 245 543
364 1 1 1 531 544 543 242
365 1 1 1 242 543 546 534
366 1 1 1 543 245 545 546
367 1 1 1 546 545 124 125
368 1 1 1 534 546 125 126
369 1 1 1 50 51 549 536
370 1 1 1 51 52 547 549
371 1 1 1 549 547 246 548
372 1 1 1 536 549 548 243
373 1 1 1 243 548 552 539
374 1 1 1 548 246 550 552
375 1 1 1 552 550 247 551
376 1 1 1 539 552 551 244
377 1 1 1 244 551 555 542
378 1 1 1 551 247 553 555
379 1 1 1 555 553 248 554
380 1 1 1 542 555 554 245
381 1 1 1 245 554 557 545
382 1 1 1 554 248 556 557
383 1 1 1 557 556 122 123
384 1 1 1 545 557 123 124
385 1 1 1 52 53 560 547
386 1 1 1 53 54 558 560
387 1 1 1 560 558 249 559
388 1 1 1 547 560 559 246
389 1 1 1 246 559 563 550
390 1 1 1 559 249 561 563
391 1 1 1 563 561 250 562
392 1 1 1 550 563 562 247
393 1 1 1 247 562 566 553
394 1 1 1 562 250 564 566
395 1 1 1 566 564 251 565
396 1 1 1 553 566 565 248
397 1 1 1 248 565 568 556
398 1 1 1 565 251 567 568
399 1 1 1 568 567 120 121
400 1 1 1 556 568 121 122
401 1 1 1 54 55 571 558
402 1 1 1 55 56 569 571
403 1 1 1 571 569 252 570
404 1 1 1 558 571 570 249
405 1 1 1 249 570 574 561
406 1 1 1 570 252 572 574
407 1 1 1 574 572 253 573
408 1 1 1 561 574 573 250
409 1 1 1 250 573 577 564
410 1 1 1 573 253 575 577
411 1 1 1 577 575 254 576
412 1 1 1 564 577 576 251
413 1 1 1 251 576 579 567
414 1 1 1 576 254 578 579
415 1 1 1 579 578 118 119
416 1 1 1 567 579 119 120
417 1 1 1 56 57 582 569
418 1 1 1 57 58 580 582
419 1 1 1 582 580 255 581
420 1 1 1 569 582 581 252
421 1 1 1 252 581 585 572
422 1 1 1 581 255 583 585
423 1 1 1 585 583 256 584
424 1 1 1 572 585 584 253
425 1 1 1 253 584 588 575
426 1 1 1 584 256 586 588
427 1 1 1 588 586 257 587
428 1 1 1 575 588 587 254
429 1 1 1 254 587 590 578
430 1 1 1 587 257 589 590
431 1 1 1 590 589 116 117
432 1 1 1 578 590 117 118
433 1 1 1 58 59 593 580
434 1 1 1 59 60 591 593
435 1 1 1 593 591 258 592
436 1 1 1 580 593 592 255
437 1 1 1 255 592 596 583
438 1 1 1 592 258 594 596
439 1 1 1 596 594 259 595
440 1 1 1 583 596 595 256
441 1 1 1 256 595 599 586
442 1 1 1 595 259 597 599
443 1 1 1 599 597 260 598
444 1 1 1 586 599 598 257
445 1 1 1 257 598 601 589
446 1 1 1 598 260 600 601
447 1 1 1 601 600 114 115
448 1 1 1 589 601 115 116
449 1 1 1 60 61 604 591
450 1 1 1 61 62 602 604
451 1 1 1 604 602 261 603
452 1 1 1 591 604 603 258
453 1 1 1 258 603 607 594
454 1 1 1 603 261 605 607
455 1 1 1 607 605 262 606
456 1 1 1 594 607 606 259
457 1 1 1 259 606 610 597
458 1 1 1 606 262 608 610
459 1 1 1 610 608 263 609
460 1 1 1 597 610 609 260
461 1 1 1 260 609 612 600
462 1 1 1 609 263 611 612
463 1 1 1 612 611 112 113
464 1 1 1 600 612 113 114
465 1 1 1 62 63 615 602
466 1 1 1 63 64 613 615
467 1 1 1 615 613 264 614
468 1 1 1 602 615 614 261
469 1 1 1 261 614 618 605
470 1 1 1 614 264 616 618
471 1 1 1 618 616 265 617
472 1 1 1 605 618 617 262
473 1 1 1 262 617 621 608
474 1 1 1 617 265 619 621
475 1 1 1 621 619 266 620
476 1 1 1 608 621 620 263
477 1 1 1 263 620 623 611
478 1 1 1 620 266 622 623
479 1 1 1 623 622 110 111
480 1 1 1 611 623 111 112
481 1 1 1 64 65 626 613
482 1 1 1 65 66 624 626
483 1 1 1 626 624 267 625
484 1 1 1 613 626 625 264
485 1 1 1 264 625 629 616
486 1 1 1 625 267 627 629
487 1 1 1 629 627 268 628
488 1 1 1 616 629 628 265
489 1 1 1 265 628 632 619
490 1 1 1 628 268 630 632
491 1 1 1 632 630 269 631
492 1 1 1 619 632 631 266
493 1 1 1 266 631 634 622
494 1 1 1 631 269 633 634
495 1 1 1 634 633 108 109
496 1 1 1 622 634 109 110
497 1 1 1 66 67 637 624
498 1 1 1 67 68 635 637
499 1 1 1 637 635 270 636
500 1 1 1 624 637 636 267
501 1 1 1 267 636 640 627
502 1 1 1 636 270 638 640
503 1 1 1 640 638 271 639
504 1 1 1 627 640 639 268
505 1 1 1 268 639 643 630
506 1 1 1 639 271 641 643
507 1 1 1 643 641 272 642
508 1 1 1 630 643 642 269
509 1 1 1 269 642 645 633
510 1 1 1 642 272 644 645
511 1 1 1 645 644 106 107
512 1 1 1 633 645 107 108
513 1 1 1 68 69 648 635
514 1 1 1 69 70 646 648
515 1 1 1 648 646 273 647
516 1 1 1 635 648 647 270
517 1 1 1 270 647 651 638
518 1 1 1 647 273 649 651
519 1 1 1 651 649 274 650
520 1 1 1 638 651 650 271
521 1 1 1 271 650 654 641
522 1 1 1 650 274 652 654
523 1 1 1 654 652 275 653
524 1 1 1 641 654 653 272
525 1 1 1 272 653 656 644
526 1 1 1 653 275 655 656
527 1 1 1 656 655 104 105
528 1 1 1 644 656 105 106
529 1 1 1 70 71 659 646
530 1 1 1 71 72 657 659
531 1 1 1 659 657 276 658
532 1 1 1 646 659 658 273
533 1 1 1 273 658 662 649
534 1 1 1 658 276 660 662
535 1 1 1 662 660 277 661
536 1 1 1 649 662 661 274
537 1 1 1 274 661 665 652
538 1 1 1 661 277 663 665
539 1 1 1 665 663 278 664
540 1 1 1 652 665 664 275
541 1 1 1 275 664 667 655
542 1 1 1 664 278 666 667
543 1 1 1 667 666 102 103
544 1 1 1 655 667 103 104
545 1 1 1 72 73 670 657
546 1 1 1 73 74 668 670
547 1 1 1 670 668 279 669
548 1 1 1 657 670 669 276
549 1 1 1 276 669 673 660
550 1 1 1 669 279 671 673
551 1 1 1 673 671 280 672
552 1 1 1 660 673 672 277
553 1 1 1 277 672 676 663
554 1 1 1 672 280 674 676
555 1 1 1 676 674 281 675
556 1 1 1 663 676 675 278
557 1 1 1 278 675 678 666
558 1 1 1 675 281 677 678
559 1 1 1 678 677 100 101
560 1 1 1 666 678 101 102
561 1 1 1 74 75 681 668
562 1 1 1 75 76 679 681
563 1 1 1 681 679 282 680
564 1 1 1 668 681 680 279
565 1 1 1 279 680 684 671
566 1 1 1 680 282 682 684
567 1 1 1 684 682 283 683
568 1 1 1 671 684 683 280
569 1 1 1 280 683 687 674
570 1 1 1 683 283 685 687
571 1 1 1 687 685 284 686
572 1 1 1 674 687 686 281
573 1 1 1 281 686 689 677
574 1 1 1 686 284 688 689
575 1 1 1 689 688 98 99
576 1 1 1 677 689 99 100
577 1 1 1 76 77 692 679
578 1 1 1 77 78 690 692
579 1 1 1 692 690 285 691
580 1 1 1 679 692 691 282
581 1 1 1 282 691 695 682
582 1 1 1 691 285 693 695
583 1 1 1 695 693 286 694
584 1 1 1 682 695 694 283
585 1 1 1 283 694 698 685
586 1 1 1 694 286 696 698
587 1 1 1 698 696 287 697
588 1 1 1 685 698 697 284
589 1 1 1 284 697 700 688
590 1 1 1 697 287 699 700
591 1 1 1 700 699 96 97
592 1 1 1 688 700 97 98
593 1 1 1 78 79 703 690
594 1 1 1 79 80 701 703
595 1 1 1 703 701 288 702
596 1 1 1 690 703 702 285
597 1 1 1 285 702 706 693
598 1 1 1 702 288 704 706
599 1 1 1 706 704 289 705
600 1 1 1 693 706 705 286
601 1 1 1 286 705 709 696
602 1 1 1 705 289 707 709
603 1 1 1 709 707 290 708
604 1 1 1 696 709 708 287
605 1 1 1 287 708 711 699
606 1 1 1 708 290 710 711
607 1 1 1 711 710 94 95
608 1 1 1 699 711 95 96
609 1 1 1 80 81 714 701
610 1 1 1 81 82 712 714
611 1 1 1 714 712 291 713
612 1 1 1 701 714 713 288
613 1 1 1 288 713 717 704
614 1 1 1 713 291 715 717
615 1 1 1 717 715 292 716
616 1 1 1 704 717 716 289
617 1 1 1 289 716 720 707
618 1 1 1 716 292 718 720
619 1 1 1 720 718 293 719
620 1 1 1 707 720 719 290
621 1 1 1 290 719 722 710
622 1 1 1 719 293 721 722
623 1 1 1 722 721 92 93
624 1 1 1 710 722 93 94
625 1 1 1 82 83 724 712
626 1 1 1 83 2 84 724
627 1 1 1 724 84 85 723
628 1 1 1 712 724 723 291
629 1 1 1 291 723 726 715
630 1 1 1 723 85 86 726
631 1 1 1 726 86 87 725
632 1 1 1 715 726 725 292
633 1 1 1 292 725 728 718
634 1 1 1 725 87 88 728
635 1 1 1 728 88 89 727
636 1 1 1 718 728 727 293
637 1 1 1 293 727 729 721
638 1 1 1 727 89 90 729
639 1 1 1 729 90 3 91
640 1 1 1 721 729 91 92
